order is:220
Hadamard matrix is:
[[ 0.06741999  0.06741999  0.06741999 ...  0.06741999  0.06741999
   0.06741999]
 [ 0.06741999  0.06741999  0.06741999 ...  0.06741999 -0.06741999
   0.06741999]
 [ 0.06741999  0.06741999  0.06741999 ...  0.06741999  0.06741999
  -0.06741999]
 ...
 [ 0.06741999  0.06741999  0.06741999 ... -0.06741999 -0.06741999
   0.06741999]
 [ 0.06741999 -0.06741999  0.06741999 ... -0.06741999 -0.06741999
  -0.06741999]
 [ 0.06741999  0.06741999 -0.06741999 ...  0.06741999 -0.06741999
  -0.06741999]]
The epsilon-Hadamard matrices we get of order 217 are:
Y1 :
[[ 0.05403852  0.07222034 -0.07120074 ...  0.06363923  0.05403852
   0.07222034]
 [ 0.07222034  0.05403852  0.06363923 ... -0.07120074  0.07222034
   0.05403852]
 [-0.07120074  0.06363923  0.05607771 ...  0.05607771 -0.07120074
   0.06363923]
 ...
 [ 0.06363923 -0.07120074  0.05607771 ... -0.07876226 -0.07120074
   0.06363923]
 [ 0.05403852  0.07222034 -0.07120074 ... -0.07120074 -0.08080145
  -0.06261963]
 [ 0.07222034  0.05403852  0.06363923 ...  0.06363923 -0.06261963
  -0.08080145]]
Y2 :
[[ 0.0814405   0.06325869 -0.06172207 ...  0.0731179   0.0814405
   0.06325869]
 [ 0.06325869  0.0814405   0.0731179  ... -0.06172207  0.06325869
   0.0814405 ]
 [-0.06172207  0.0731179   0.08451373 ...  0.08451373 -0.06172207
   0.0731179 ]
 ...
 [ 0.0731179  -0.06172207  0.08451373 ... -0.05032624 -0.06172207
   0.0731179 ]
 [ 0.0814405   0.06325869 -0.06172207 ... -0.06172207 -0.05339947
  -0.07158129]
 [ 0.06325869  0.0814405   0.0731179  ...  0.0731179  -0.07158129
  -0.05339947]]
Epsilon values for the Hadamard matrix used, and the epsilon-Hadamard matrices created
e_Y1: 0.20396287330225993, drift_above_1: 0.19027970237423508, drift_below_1: 0.20396287330225993, drift_above_n1: 0.20396287330225993, drift_below_n1: 0.19027970237423508
e_Y2: 0.25864815095592053, drift_above_1: 0.24496498002789546, drift_below_1: 0.21337669713672436, drift_above_n1: 0.25864815095592053, drift_below_n1: 0.1996935262086994
